4     27.5jÿ4     0.00
4     0.03
4     0.05
4     0.08
4     0.10
4     0.13
4     0.16
4     0.18
4     0.21
4     0.24
4     0.26
4     0.29
4     0.31
4     0.34
4     0.37
3     0.39
3     0.42
3     0.45
3     0.47
3     0.50
3     0.52
3     0.55
3     0.58
3     0.60
3     0.63
3     0.66
3     0.68
3     0.71
3     0.74
3     0.76
3     0.79
4     0.81
3     0.84
4     0.87
4     0.89
3     0.92
4     0.95
4     0.97
3     1.00
4     1.02
4     1.05
4     1.08
3     1.10
4     1.13
3     1.15
3     1.18
3     1.21
4     1.23
3     1.26
3     1.29
3     1.31
4     1.34
4     1.37
4     1.39
4     1.42
4     1.44
4     1.47
4     1.50
3     1.52
4     1.55
4     1.58
3     1.60
4     1.63
4     1.65
3     1.68
4     1.71
4     1.73
3     1.76
4     1.78
4     1.81
3     1.84
4     1.86
4     1.89
3     1.92
4     1.94
4     1.97
3     2.00
4     2.02
4     2.05
3     2.07
4     2.10
4     2.13
3     2.15
4     2.18
4     2.21
3     2.23
4     2.26
4     2.29
3     2.31
4     2.34
4     2.36
3     2.39
4     2.42
4     2.44
3     2.47
4     2.50
4     2.52
3     2.55
4     2.57
4     2.60
3     2.63
4     2.65
4     2.68
3     2.71
4     2.73
4     2.76
3     2.78
4     2.81
4     2.84
3     2.86
4     2.89
3     2.92
3     2.94
4     2.97
4     3.00
3     3.02
4     3.05
4     3.07
4     3.10
4     3.13
5     3.15
4     3.18
4     3.21
4     3.23
4     3.26
4     3.28
4     3.31
4     3.34
3     3.36
3     3.39
3     3.42
4     3.44
4     3.47
3     3.49
3     3.52
3     3.55
3     3.57
4     3.60
3     3.63
3     3.65
3     3.68
3     3.70
3     3.73
3     3.76
3     3.78
3     3.81
3     3.84
3     3.86
3     3.89
3     3.91
3     3.94
4     3.97
4     3.99
4     4.02
4     4.05
4     4.07
4     4.10
4     4.12
4     4.15
4     4.18
4     4.20
4     4.23
3     4.26
4     4.28
4     4.31
4     4.34
4     4.36
4     4.39
4     4.41
3     4.44
3     4.47
3     4.49
3     4.52
3     4.55
3     4.57
3     4.60
3     4.62
3     4.65
3     4.68
3     4.70
3     4.73
3     4.76
3     4.78
3     4.81
3     4.83
3     4.86
3     4.89
3     4.91
3     4.94
3     4.97
4     4.99
3     5.02
4     5.04
4     5.07
3     5.10
4     5.12
4     5.15
3     5.18
4     5.20
4     5.23
3     5.25
4     5.28
4     5.31
3     5.33
4     5.36
4     5.39
3     5.41
4     5.44
4     5.47
3     5.49
4     5.52
4     5.54
3     5.57
4     5.60
4     5.62
3     5.65
4     5.68
4     5.70
3     5.73
4     5.75
4     5.78
3     5.81
4     5.83
4     5.86
4     5.88
4     5.91
4     5.94
4     5.96
4     5.99
4     6.02
4     6.04
4     6.07
4     6.09
4     6.12
4     6.15
4     6.17
4     6.20
4     6.23
4     6.25
4     6.28
4     6.30
3     6.33
3     6.36
3     6.38
3     6.41
4     6.44
4     6.46
3     6.49
4     6.51
4     6.54
3     6.57
3     6.59
3     6.62
3     6.65
3     6.67
3     6.70
3     6.73
3     6.75
3     6.78
3     6.80
3     6.83
4     6.86
4     6.88
4     6.91
3     6.94
3     6.96
3     6.99
3     7.01
3     7.04
3     7.07
3     7.09
4     7.12
4     7.15
4     7.17
4     7.20
4     7.23
3     7.25
4     7.28
4     7.30
3     7.33
4     7.36
4     7.38
4     7.41
4     7.44
3     7.46
3     7.49
3     7.51
3     7.54
3     7.57
3     7.59
3     7.62
3     7.65
3     7.67
3     7.70
3     7.72
3     7.75
4     7.78
4     7.80
4     7.83
4     7.86
4     7.88
4     7.91
4     7.93
4     7.96
4     7.99
4     8.01
4     8.04
4     8.07
4     8.09
4     8.12
4     8.14
4     8.17
4     8.20
4     8.22
4     8.25
3     8.27
4     8.30
3     8.33
3     8.35
3     8.38
3     8.41
4     8.43
4     8.46
4     8.49
4     8.51
4     8.54
4     8.56
3     8.59
4     8.62
4     8.64
3     8.67
4     8.70
4     8.72
3     8.75
4     8.77
4     8.80
4     8.83
4     8.85
4     8.88
4     8.91
4     8.93
4     8.96
4     8.98
4     9.01
4     9.04
4     9.06
4     9.09
4     9.12
4     9.14
4     9.17
4     9.20
4     9.22
4     9.25
4     9.27
4     9.30
4     9.33
3     9.35
4     9.38
4     9.41
3     9.43
4     9.46
4     9.48
3     9.51
4     9.54
4     9.56
3     9.59
3     9.62
4     9.64
3     9.67
4     9.69
4     9.72
3     9.75
4     9.77
4     9.80
3     9.83
4     9.85
4     9.88
3     9.90
4     9.93
4     9.96
3     9.98
4     10.01
4     10.04
3     10.06
4     10.09
4     10.12
4     10.14
4     10.17
4     10.19
4     10.22
3     10.25
4     10.27
4     10.30
4     10.33
4     10.35
4     10.38
4     10.40
3     10.43
4     10.46
4     10.48
3     10.51
4     10.54
4     10.56
4     10.59
3     10.61
4     10.64
4     10.67
3     10.69
4     10.72
4     10.75
4     10.77
4     10.80
4     10.83
4     10.85
3     10.88
4     10.90
4     10.93
3     10.96
4     10.98
4     11.01
4     11.04
3     11.06
4     11.09
4     11.12
3     11.14
4     11.17
4     11.19
5     11.22
6     11.25
7     11.27
10     11.30
11     11.33
12     11.35
18     11.38
17     11.41
19     11.44
20     11.46
24     11.49
27     11.52
199     11.55
31     11.58
33     11.61
37     11.64
38     11.67
44     11.70
43     11.73
47     11.75
49     11.78
53     11.81
260     11.84
59     11.88
63     11.91
68     11.94
262     11.97
263     12.01
73     12.06
76     12.09
79     12.12
82     12.15
85     12.18
88     12.21
91     12.24
92     12.27
95     12.30
936     12.34
3     12.55
119     12.57
120     12.61
124     12.64
116     12.68
263     12.71
133     12.75
137     12.78
112     12.82
142     12.85
262     12.88
148     12.93




//data 2 

58 ú59     0.00
59     0.03
59     0.06
59     0.09
59     0.12
59     0.15
59     0.18
59     0.21
59     0.24
58     0.26
58     0.29
58     0.32
59     0.35
59     0.38
59     0.41
59     0.44
59     0.47
59     0.50
59     0.53
59     0.56
59     0.59
59     0.62
59     0.65
59     0.68
59     0.71
59     0.74
59     0.77
59     0.80
59     0.83
59     0.86
59     0.89
58     0.92
58     0.95
58     0.97
58     1.00
58     1.03
58     1.06
59     1.09
59     1.12
59     1.15
59     1.18
62     1.21
59     1.24
58     1.27
59     1.30
58     1.33
59     1.36
57     1.39
59     1.42
59     1.45
59     1.48
71     1.51
61     1.54
60     1.57
58     1.60
58     1.63
58     1.65
58     1.68
59     1.72
58     1.74
80     1.77
11     1.80
9     1.83
11     1.86
8     1.88
14     1.91
7     1.94
18     1.97
7     1.99
7     2.02
6     2.04
7     2.07
5     2.10
4     2.12
5     2.15
6     2.18
7     2.20
7     2.23
5     2.26
5     2.28
5     2.31
4     2.34
6     2.36
5     2.39
5     2.41
5     2.44
5     2.47
5     2.49
6     2.52
6     2.55
6     2.57
6     2.60
6     2.63
6     2.65
5     2.68
5     2.70
5     2.73
5     2.76
5     2.78
5     2.81
5     2.84
4     2.86
4     2.89
4     2.92
4     2.94
4     2.97
4     2.99
4     3.02
4     3.05
4     3.07
4     3.10
4     3.13
4     3.15
5     3.18
4     3.21
4     3.23
4     3.26
4     3.28
4     3.31
4     3.34
4     3.36
4     3.39
4     3.42
4     3.44
4     3.47
4     3.49
4     3.52
4     3.55
4     3.57
4     3.60
4     3.63
4     3.65
4     3.68
4     3.70
4     3.73
4     3.76
4     3.78
4     3.81
4     3.84
4     3.86
4     3.89
4     3.92
4     3.94
4     3.97
4     3.99
4     4.02
4     4.05
4     4.07
4     4.10
4     4.13
4     4.15
4     4.18
4     4.20
4     4.23
4     4.26
4     4.28
4     4.31
4     4.34
4     4.36
4     4.39
4     4.42
4     4.44
4     4.47
4     4.49
4     4.52
5     4.55
4     4.57
4     4.60
4     4.63
4     4.65
4     4.68
4     4.70
4     4.73
4     4.76
4     4.78
4     4.81
4     4.84
4     4.86
4     4.89
4     4.92
4     4.94
4     4.97
5     4.99
4     5.02
4     5.05
5     5.07
5     5.10
4     5.13
4     5.15
4     5.18
4     5.20
4     5.23
4     5.26
4     5.28
4     5.31
4     5.34
4     5.36
4     5.39
4     5.41
4     5.44
4     5.47
4     5.49
4     5.52
4     5.55
4     5.57
4     5.60
4     5.62
4     5.65
4     5.68
4     5.70
4     5.73
4     5.76
4     5.78
4     5.81
4     5.84
4     5.86
4     5.89
4     5.91
4     5.94
4     5.97
4     5.99
4     6.02
4     6.05
4     6.07
4     6.10
4     6.13
4     6.15
4     6.18
4     6.20
4     6.23
4     6.26
4     6.28
4     6.31
4     6.34
4     6.36
4     6.39
4     6.41
4     6.44
4     6.47
4     6.49
4     6.52
4     6.55
4     6.57
4     6.60
4     6.63
4     6.65
4     6.68
4     6.70
4     6.73
4     6.76
4     6.78
4     6.81
4     6.84
4     6.86
4     6.89
4     6.92
4     6.94
5     6.97
4     6.99
4     7.02
4     7.05
4     7.07
4     7.10
4     7.12
4     7.15
4     7.18
4     7.20
4     7.23
4     7.26
4     7.28
4     7.31
4     7.34
4     7.36
4     7.39
4     7.41
4     7.44
4     7.47
4     7.49
4     7.52
4     7.55
4     7.57
4     7.60
4     7.63
4     7.65
4     7.68
4     7.70
4     7.73
4     7.76
4     7.78
4     7.81
4     7.84
4     7.86
4     7.89
4     7.92
4     7.94
4     7.97
4     7.99
4     8.02
4     8.05
4     8.07
4     8.10
4     8.13
4     8.15
4     8.18
4     8.20
4     8.23
4     8.26
4     8.28
4     8.31
4     8.34
4     8.36
4     8.39
4     8.42
4     8.44
4     8.47
4     8.49
4     8.52
4     8.55
4     8.57
4     8.60
4     8.63
4     8.65
4     8.68
4     8.71
4     8.73
4     8.76
4     8.78
4     8.81
4     8.84
4     8.86
4     8.89
4     8.92
4     8.94
4     8.97
4     8.99
4     9.02
4     9.05
4     9.07
4     9.10
4     9.13
4     9.15
4     9.18
4     9.20
4     9.23
4     9.26
4     9.28
4     9.31
4     9.34
4     9.36
4     9.39
4     9.42
4     9.44
4     9.47
5     9.49
6     9.52
8     9.55
7     9.57
6     9.60
5     9.63
5     9.65
5     9.68
5     9.71
5     9.73
5     9.76
5     9.78
5     9.81
5     9.84
5     9.86
5     9.89
5     9.92
5     9.94
5     9.97
5     10.00
5     10.02
5     10.05
5     10.07
5     10.10
5     10.13
5     10.15
5     10.18
5     10.21
5     10.23
5     10.26
5     10.29
5     10.31
5     10.34
5     10.36
5     10.39
5     10.42
5     10.44
5     10.47
5     10.50
5     10.52
5     10.55
5     10.58
5     10.60
5     10.63
5     10.66
5     10.68
5     10.71
5     10.74
5     10.76
5     10.79
5     10.81
5     10.84
5     10.87
5     10.89
5     10.92
5     10.95
5     10.97
5     11.00
5     11.03
5     11.05
7     11.08
7     11.11
10     11.13
8     11.16
9     11.19
11     11.21
11     11.24
14     11.27
27     11.29
17     11.32
19     11.35
21     11.38
23     11.40
25     11.43
29     11.46
31     11.49
32     11.51
35     11.54
36     11.57
38     11.60
41     11.63
43     11.65
46     11.68
49     11.71
60     11.74
55     11.77
56     11.80
60     11.83
258     11.86
65     11.90
71     11.93
261     11.96
75     12.00
261     12.03
80     12.07
85     12.10
88     12.14
90     12.17
93     12.20
95     12.23
98     12.26
101     12.30
262     12.33
261     12.37
111     12.41
111     12.44
112     12.48
261     12.51
261     12.55
126     12.59
126     12.63
129     12.66
134     12.69
136     12.73
138     12.76
141     12.79
261     12.83
2