data 1 ------------------------------------------------------------

3     0.79
4     0.81
3     0.84
4     0.87
4     0.89
3     0.92
4     0.95
4     0.97
3     1.00
4     1.02
4     1.05
4     1.08
3     1.10
4     1.13
3     1.15
3     1.18
3     1.21
4     1.23
3     1.26
3     1.29
3     1.31
4     1.34
4     1.37
4     1.39
4     1.42
4     1.44
4     1.47
4     1.50
3     1.52
4     1.55
4     1.58
3     1.60
4     1.63
4     1.65
3     1.68
4     1.71
4     1.73
3     1.76
4     1.78
4     1.81
3     1.84
4     1.86
4     1.89
3     1.92
4     1.94
4     1.97
3     2.00
4     2.02
4     2.05
3     2.07
4     2.10
4     2.13
3     2.15
4     2.18
4     2.21
3     2.23
4     2.26
4     2.29
3     2.31
4     2.34
4     2.36
3     2.39
4     2.42
4     2.44
3     2.47
4     2.50
4     2.52
3     2.55
4     2.57
4     2.60
3     2.63
4     2.65
4     2.68
3     2.71
4     2.73
4     2.76
3     2.78
4     2.81
4     2.84
3     2.86
4     2.89
3     2.92
3     2.94
4     2.97
4     3.00
3     3.02
4     3.05
4     3.07
4     3.10
4     3.13
5     3.15
4     3.18
4     3.21
4     3.23
4     3.26
4     3.28
4     3.31
4     3.34
3     3.36
3     3.39
3     3.42
4     3.44
4     3.47
3     3.49
3     3.52
3     3.55
3     3.57
4     3.60
3     3.63
3     3.65
3     3.68
3     3.70
3     3.73
3     3.76
3     3.78
3     3.81
3     3.84
3     3.86
3     3.89
3     3.91
3     3.94
4     3.97
4     3.99
4     4.02
4     4.05
4     4.07
4     4.10
4     4.12
4     4.15
4     4.18
4     4.20
4     4.23
3     4.26
4     4.28
4     4.31
4     4.34
4     4.36
4     4.39
4     4.41
3     4.44
3     4.47
3     4.49
3     4.52
3     4.55
3     4.57
3     4.60
3     4.62
3     4.65
3     4.68
3     4.70
3     4.73
3     4.76
3     4.78
3     4.81
3     4.83
3     4.86
3     4.89
3     4.91
3     4.94
3     4.97
4     4.99
3     5.02
4     5.04
4     5.07
3     5.10
4     5.12
4     5.15
3     5.18
4     5.20
4     5.23
3     5.25
4     5.28
4     5.31
3     5.33
4     5.36
4     5.39
3     5.41
4     5.44
4     5.47
3     5.49
4     5.52
4     5.54
3     5.57
4     5.60
4     5.62
3     5.65
4     5.68
4     5.70
3     5.73
4     5.75
4     5.78
3     5.81
4     5.83
4     5.86
4     5.88
4     5.91
4     5.94
4     5.96
4     5.99
4     6.02
4     6.04
4     6.07
4     6.09
4     6.12
4     6.15
4     6.17
4     6.20
4     6.23
4     6.25
4     6.28
4     6.30
3     6.33
3     6.36
3     6.38
3     6.41
4     6.44
4     6.46
3     6.49
4     6.51
4     6.54
3     6.57
3     6.59
3     6.62
3     6.65
3     6.67
3     6.70
3     6.73
3     6.75
3     6.78
3     6.80
3     6.83
4     6.86
4     6.88
4     6.91
3     6.94
3     6.96
3     6.99
3     7.01
3     7.04
3     7.07
3     7.09
4     7.12
4     7.15
4     7.17
4     7.20
4     7.23
3     7.25
4     7.28
4     7.30
3     7.33
4     7.36
4     7.38
4     7.41
4     7.44
3     7.46
3     7.49
3     7.51
3     7.54
3     7.57
3     7.59
3     7.62
3     7.65
3     7.67
3     7.70
3     7.72
3     7.75
4     7.78
4     7.80
4     7.83
4     7.86
4     7.88
4     7.91
4     7.93
4     7.96
4     7.99
4     8.01
4     8.04
4     8.07
4     8.09
4     8.12
4     8.14
4     8.17
4     8.20
4     8.22
4     8.25
3     8.27
4     8.30
3     8.33
3     8.35
3     8.38
3     8.41
4     8.43
4     8.46
4     8.49
4     8.51
4     8.54
4     8.56
3     8.59
4     8.62
4     8.64
3     8.67
4     8.70
4     8.72
3     8.75
4     8.77
4     8.80
4     8.83
4     8.85
4     8.88
4     8.91
4     8.93
4     8.96
4     8.98
4     9.01
4     9.04
4     9.06
4     9.09
4     9.12
4     9.14
4     9.17
4     9.20
4     9.22
4     9.25
4     9.27
4     9.30
4     9.33
3     9.35
4     9.38
4     9.41
3     9.43
4     9.46
4     9.48
3     9.51
4     9.54
4     9.56
3     9.59
3     9.62
4     9.64
3     9.67
4     9.69
4     9.72
3     9.75
4     9.77
4     9.80
3     9.83
4     9.85
4     9.88
3     9.90
4     9.93
4     9.96
3     9.98
4     10.01
4     10.04
3     10.06
4     10.09
4     10.12
4     10.14
4     10.17
4     10.19
4     10.22
3     10.25
4     10.27
4     10.30
4     10.33
4     10.35
4     10.38
4     10.40
3     10.43
4     10.46
4     10.48
3     10.51
4     10.54
4     10.56
4     10.59
3     10.61
4     10.64
4     10.67
3     10.69
4     10.72
4     10.75
4     10.77
4     10.80
4     10.83
4     10.85
3     10.88
4     10.90
4     10.93
3     10.96
4     10.98
4     11.01
4     11.04
3     11.06
4     11.09
4     11.12
3     11.14
4     11.17
4     11.19
5     11.22
6     11.25
7     11.27
10     11.30
11     11.33
12     11.35
18     11.38
17     11.41
19     11.44
20     11.46
24     11.49
27     11.52
199     11.55
31     11.58
33     11.61
37     11.64
38     11.67
44     11.70
43     11.73
47     11.75
49     11.78
53     11.81
260     11.84
59     11.88
63     11.91
68     11.94
262     11.97
263     12.01
73     12.06
76     12.09
79     12.12
82     12.15
85     12.18
88     12.21
91     12.24
92     12.27
95     12.30
936     12.34
3     12.55
119     12.57
120     12.61
124     12.64
116     12.68
263     12.71
133     12.75
137     12.78
112     12.82
142     12.85
262     12.88
148     12.93




//data 2 ----------------------------------------------------------

58 ú59     0.00
59     0.03
59     0.06
59     0.09
59     0.12
59     0.15
59     0.18
59     0.21
59     0.24
58     0.26
58     0.29
58     0.32
59     0.35
59     0.38
59     0.41
59     0.44
59     0.47
59     0.50
59     0.53
59     0.56
59     0.59
59     0.62
59     0.65
59     0.68
59     0.71
59     0.74
59     0.77
59     0.80
59     0.83
59     0.86
59     0.89
58     0.92
58     0.95
58     0.97
58     1.00
58     1.03
58     1.06
59     1.09
59     1.12
59     1.15
59     1.18
62     1.21
59     1.24
58     1.27
59     1.30
58     1.33
59     1.36
57     1.39
59     1.42
59     1.45
59     1.48
71     1.51
61     1.54
60     1.57
58     1.60
58     1.63
58     1.65
58     1.68
59     1.72
58     1.74
80     1.77
11     1.80
9     1.83
11     1.86
8     1.88
14     1.91
7     1.94
18     1.97
7     1.99
7     2.02
6     2.04
7     2.07
5     2.10
4     2.12
5     2.15
6     2.18
7     2.20
7     2.23
5     2.26
5     2.28
5     2.31
4     2.34
6     2.36
5     2.39
5     2.41
5     2.44
5     2.47
5     2.49
6     2.52
6     2.55
6     2.57
6     2.60
6     2.63
6     2.65
5     2.68
5     2.70
5     2.73
5     2.76
5     2.78
5     2.81
5     2.84
4     2.86
4     2.89
4     2.92
4     2.94
4     2.97
4     2.99
4     3.02
4     3.05
4     3.07
4     3.10
4     3.13
4     3.15
5     3.18
4     3.21
4     3.23
4     3.26
4     3.28
4     3.31
4     3.34
4     3.36
4     3.39
4     3.42
4     3.44
4     3.47
4     3.49
4     3.52
4     3.55
4     3.57
4     3.60
4     3.63
4     3.65
4     3.68
4     3.70
4     3.73
4     3.76
4     3.78
4     3.81
4     3.84
4     3.86
4     3.89
4     3.92
4     3.94
4     3.97
4     3.99
4     4.02
4     4.05
4     4.07
4     4.10
4     4.13
4     4.15
4     4.18
4     4.20
4     4.23
4     4.26
4     4.28
4     4.31
4     4.34
4     4.36
4     4.39
4     4.42
4     4.44
4     4.47
4     4.49
4     4.52
5     4.55
4     4.57
4     4.60
4     4.63
4     4.65
4     4.68
4     4.70
4     4.73
4     4.76
4     4.78
4     4.81
4     4.84
4     4.86
4     4.89
4     4.92
4     4.94
4     4.97
5     4.99
4     5.02
4     5.05
5     5.07
5     5.10
4     5.13
4     5.15
4     5.18
4     5.20
4     5.23
4     5.26
4     5.28
4     5.31
4     5.34
4     5.36
4     5.39
4     5.41
4     5.44
4     5.47
4     5.49
4     5.52
4     5.55
4     5.57
4     5.60
4     5.62
4     5.65
4     5.68
4     5.70
4     5.73
4     5.76
4     5.78
4     5.81
4     5.84
4     5.86
4     5.89
4     5.91
4     5.94
4     5.97
4     5.99
4     6.02
4     6.05
4     6.07
4     6.10
4     6.13
4     6.15
4     6.18
4     6.20
4     6.23
4     6.26
4     6.28
4     6.31
4     6.34
4     6.36
4     6.39
4     6.41
4     6.44
4     6.47
4     6.49
4     6.52
4     6.55
4     6.57
4     6.60
4     6.63
4     6.65
4     6.68
4     6.70
4     6.73
4     6.76
4     6.78
4     6.81
4     6.84
4     6.86
4     6.89
4     6.92
4     6.94
5     6.97
4     6.99
4     7.02
4     7.05
4     7.07
4     7.10
4     7.12
4     7.15
4     7.18
4     7.20
4     7.23
4     7.26
4     7.28
4     7.31
4     7.34
4     7.36
4     7.39
4     7.41
4     7.44
4     7.47
4     7.49
4     7.52
4     7.55
4     7.57
4     7.60
4     7.63
4     7.65
4     7.68
4     7.70
4     7.73
4     7.76
4     7.78
4     7.81
4     7.84
4     7.86
4     7.89
4     7.92
4     7.94
4     7.97
4     7.99
4     8.02
4     8.05
4     8.07
4     8.10
4     8.13
4     8.15
4     8.18
4     8.20
4     8.23
4     8.26
4     8.28
4     8.31
4     8.34
4     8.36
4     8.39
4     8.42
4     8.44
4     8.47
4     8.49
4     8.52
4     8.55
4     8.57
4     8.60
4     8.63
4     8.65
4     8.68
4     8.71
4     8.73
4     8.76
4     8.78
4     8.81
4     8.84
4     8.86
4     8.89
4     8.92
4     8.94
4     8.97
4     8.99
4     9.02
4     9.05
4     9.07
4     9.10
4     9.13
4     9.15
4     9.18
4     9.20
4     9.23
4     9.26
4     9.28
4     9.31
4     9.34
4     9.36
4     9.39
4     9.42
4     9.44
4     9.47
5     9.49
6     9.52
8     9.55
7     9.57
6     9.60
5     9.63
5     9.65
5     9.68
5     9.71
5     9.73
5     9.76
5     9.78
5     9.81
5     9.84
5     9.86
5     9.89
5     9.92
5     9.94
5     9.97
5     10.00
5     10.02
5     10.05
5     10.07
5     10.10
5     10.13
5     10.15
5     10.18
5     10.21
5     10.23
5     10.26
5     10.29
5     10.31
5     10.34
5     10.36
5     10.39
5     10.42
5     10.44
5     10.47
5     10.50
5     10.52
5     10.55
5     10.58
5     10.60
5     10.63
5     10.66
5     10.68
5     10.71
5     10.74
5     10.76
5     10.79
5     10.81
5     10.84
5     10.87
5     10.89
5     10.92
5     10.95
5     10.97
5     11.00
5     11.03
5     11.05
7     11.08
7     11.11
10     11.13
8     11.16
9     11.19
11     11.21
11     11.24
14     11.27
27     11.29
17     11.32
19     11.35
21     11.38
23     11.40
25     11.43
29     11.46
31     11.49
32     11.51
35     11.54
36     11.57
38     11.60
41     11.63
43     11.65
46     11.68
49     11.71
60     11.74
55     11.77
56     11.80
60     11.83
258     11.86
65     11.90
71     11.93
261     11.96
75     12.00
261     12.03
80     12.07
85     12.10
88     12.14
90     12.17
93     12.20
95     12.23
98     12.26
101     12.30
262     12.33
261     12.37
111     12.41
111     12.44
112     12.48
261     12.51
261     12.55
126     12.59
126     12.63
129     12.66
134     12.69
136     12.73
138     12.76
141     12.79
261     12.83
2


//data 3 -------------------------------------------------------------
6     0.00
6     0.03
6     0.05
6     0.08
6     0.11
6     0.13
5     0.16
5     0.18
5     0.21
5     0.24
5     0.26
5     0.29
5     0.32
5     0.34
5     0.37
5     0.40
5     0.42
5     0.45
5     0.47
5     0.50
5     0.53
5     0.55
5     0.58
5     0.61
5     0.63
5     0.66
5     0.69
5     0.71
5     0.74
5     0.76
5     0.79
5     0.82
5     0.84
5     0.87
5     0.90
5     0.92
5     0.95
5     0.97
5     1.00
5     1.03
5     1.05
6     1.08
5     1.11
5     1.13
5     1.16
6     1.18
6     1.21
6     1.24
5     1.26
5     1.29
5     1.32
5     1.34
5     1.37
4     1.40
5     1.42
5     1.45
5     1.48
5     1.50
5     1.53
5     1.55
5     1.58
5     1.61
5     1.63
5     1.66
5     1.69
5     1.71
5     1.74
5     1.77
4     1.79
4     1.82
5     1.85
5     1.87
5     1.90
5     1.92
5     1.95
5     1.98
5     2.00
5     2.03
5     2.06
5     2.08
5     2.11
5     2.14
5     2.16
4     2.19
4     2.21
5     2.24
5     2.27
5     2.29
4     2.32
5     2.35
5     2.37
4     2.40
5     2.42
5     2.45
5     2.48
4     2.50
5     2.53
5     2.56
4     2.58
5     2.61
5     2.64
5     2.66
4     2.69
5     2.71
15     2.74
5     2.77
9     2.79
8     2.82
7     2.85
9     2.87
14     2.90
12     2.93
15     2.95
22     2.98
18     3.01
20     3.04
22     3.06
26     3.09
30     3.12
29     3.15
31     3.17
33     3.20
35     3.23
37     3.26
39     3.29
42     3.31
44     3.34
47     3.37
50     3.40
52     3.43
54     3.46
58     3.49
60     3.52
63     3.55
66     3.58
176     3.61
71     3.64
73     3.67
79     3.70
194     3.74
83     3.77
85     3.80
87     3.83
90     3.87
93     3.90
96     3.93
197     3.96
102     4.00
213     4.03
107     4.07
109     4.10
112     4.13


data 4 -------------------------------------------------------------


5     0.00
4     0.03
5     0.05
4     0.08
4     0.10
4     0.13
4     0.16
5     0.18
5     0.21
5     0.24
5     0.26
5     0.29
5     0.31
4     0.34
4     0.37
4     0.39
4     0.42
4     0.45
4     0.47
5     0.50
4     0.53
5     0.55
5     0.58
5     0.61
5     0.63
5     0.66
5     0.68
5     0.71
5     0.74
5     0.76
4     0.79
4     0.82
4     0.84
4     0.87
4     0.89
4     0.92
4     0.95
4     0.97
4     1.00
4     1.03
4     1.05
4     1.08
5     1.10
5     1.13
5     1.16
5     1.18
5     1.21
5     1.24
5     1.26
5     1.29
5     1.32
4     1.34
4     1.37
4     1.39
4     1.42
4     1.45
5     1.47
11     1.50
9     1.53
10     1.55
10     1.58
5     1.61
4     1.63
4     1.66
5     1.69
5     1.71
5     1.74
28     1.76
8     1.79
9     1.82
7     1.85
10     1.87
12     1.90
10     1.93
13     1.95
15     1.98
19     2.01
19     2.03
21     2.06
22     2.09
25     2.12
28     2.14
29     2.17
54     2.20
35     2.23
127     2.26
85     2.29
41     2.32
44     2.35
46     2.38
48     2.41
50     2.44
55     2.47
55     2.50
59     2.52
61     2.55
63     2.58
139     2.61
68     2.65
145     2.68
75     2.71
149     2.74
80     2.78
158     2.81
85     2.84
87     2.88
90     2.91
177     2.94
179     2.97
187     3.01
264     3.05
217     3.09
178     3.13
180     3.17
114     3.20
116     3.23
124     3.27
121     3.30
124     3.33
126     3.37
129     3.40
131     3.44
137     3.47
137     3.50
139     3.54
223     3.57
145     3.61
149     3.65
232     3.68
155     3.72
232     3.76
237     3.79
236     3.83
169     3.87
239     3.91
241     3.95
178     3.99
263     4.03
264     4.07
263     4.11
255     4.15
263     4.19
255     4.24
202     4.28
247     4.32
255     4.36
256     4.40
253     4.44
256     4.48
252     4.52
262     4.56
249     4.60
251     4.64
250     4.68
251     4.72
251     4.76
245     4.81
246     4.85
249     4.89
247     4.93
250     4.97
256     5.01
252     5.05
253     5.09
248     5.13
251     5.17
250     5.21
248     5.26
259     5.30
254     5.34
251     5.38
252     5.42
251     5.46
256     5.50
256     5.54
257     5.58
256     5.62
258     5.67
255     5.71
256     5.75
246     5.79
254     5.83
257     5.87
237     5.91
236     5.95
264     5.99
220     6.03
219     6.07
263     6.11
264     6.15
265     6.20
204     6.24
248     6.28
263     6.32
249     6.36
265     6.40
204     6.44
263     6.48
205     6.52
208     6.56
204     6.59
202     6.63
203     6.67
201     6.71
201     6.75
200     6.79
203     6.82
213     6.86
213     6.90
214     6.94
204     6.98
227     7.02
209     7.05
212     7.09
209     7.13
212     7.17
212     7.21
207     7.25
224     7.29
265     7.32
206     7.37
210     7.41
214     7.44
214     7.48
205     7.52
231     7.56
202     7.60
202     7.64
202     7.67
199     7.71
212     7.75
212     7.79
213     7.83
212     7.87
211     7.91
211     7.94
213     7.98
211     8.02
214     8.06
212     8.10
213     8.14
265     8.18
212     8.22
212     8.26
212     8.29
212     8.33
264     8.37
266     8.41
220     8.46
264     8.49
213     8.54
210     8.57
265     8.61
216     8.65
210     8.69
203     8.73
214     8.77
201     8.81
265     8.85
265     8.89
264     8.93
264     8.97
209     9.01
264     9.05
206     9.09
205     9.13
205     9.17
205     9.21
204     9.25
230     9.28
221     9.32
214     9.36
263     9.40
212     9.44
207     9.48
213     9.52
218     9.56
264     9.60
215     9.64
209     9.68
225     9.72
263     9.76
229     9.80
233     9.84
264     9.88
230     9.92
229     9.96
206     10.00
206     10.04
203     10.07
202     10.11
201     10.15
264     10.19
199     10.23
202     10.27
264     10.31
194     10.35
194     10.39
193     10.42
194     10.46
198     10.50
196     10.53
196     10.57
198     10.61
192     10.65
192     10.69
190     10.72
193     10.76
264     10.80


data 5 --------------------------------------------------------------

5 Â5     0.00
5     0.03
5     0.05
5     0.08
5     0.11
5     0.13
5     0.16
5     0.18
5     0.21
5     0.24
5     0.26
5     0.29
6     0.32
6     0.34
6     0.37
5     0.40
5     0.42
5     0.45
5     0.47
5     0.50
5     0.53
5     0.55
5     0.58
5     0.61
5     0.63
5     0.66
5     0.69
5     0.71
5     0.74
5     0.76
5     0.79
5     0.82
6     0.84
6     0.87
5     0.90
5     0.92
5     0.95
6     0.98
6     1.00
5     1.03
5     1.05
5     1.08
5     1.11
5     1.13
5     1.16
5     1.19
5     1.21
5     1.24
5     1.26
5     1.29
4     1.32
4     1.34
4     1.37
4     1.40
5     1.42
5     1.45
4     1.48
3     1.50
4     1.53
4     1.55
4     1.58
4     1.61
4     1.63
4     1.66
4     1.69
4     1.71
6     1.74
19     1.76
15     1.79
5     1.82
4     1.85
4     1.87
5     1.90
5     1.92
4     1.95
4     1.98
5     2.00
5     2.03
5     2.06
5     2.08
4     2.11
4     2.14
4     2.16
4     2.19
5     2.21
5     2.24
5     2.27
6     2.29
7     2.32
7     2.35
7     2.37
7     2.40
7     2.43
7     2.45
7     2.48
7     2.51
7     2.53
7     2.56
7     2.59
7     2.61
7     2.64
7     2.66
7     2.69
7     2.72
7     2.74
7     2.77
7     2.80
8     2.82
7     2.85
7     2.88
7     2.90
7     2.93
8     2.96
7     2.98
8     3.01
8     3.04
7     3.06
7     3.09
7     3.12
7     3.14
7     3.17
7     3.19
7     3.22
7     3.25
8     3.27
10     3.30
4     3.33
5     3.35
6     3.38
6     3.41
9     3.43
12     3.46
11     3.49
13     3.51
15     3.54
21     3.57
18     3.59
20     3.62
22     3.65
25     3.68
30     3.70
31     3.73
33     3.76
33     3.79
35     3.82
38     3.84
39     3.87
45     3.90
44     3.93
182     3.96
49     3.99
54     4.02
54     4.05
58     4.08
59     4.11
63     4.14
64     4.17
264     4.20
264     4.24
75     4.28
148     4.32
78     4.35
247     4.38
251     4.42
265     4.46
264     4.50
96     4.55
98     4.58
100     4.61
264     4.64
107     4.68
107     4.71
110     4.75
113     4.78
116     4.81
117     4.84
118     4.88
124     4.91
127     